第1幅图像的平均误差：0.0643603像素
第2幅图像的平均误差：0.0771067像素
第3幅图像的平均误差：0.0571848像素
第4幅图像的平均误差：0.0595573像素
第5幅图像的平均误差：0.0626294像素
第6幅图像的平均误差：0.0659545像素
第7幅图像的平均误差：0.0574352像素
第8幅图像的平均误差：0.064588像素
第9幅图像的平均误差：0.0579121像素
第10幅图像的平均误差：0.0791679像素
第11幅图像的平均误差：0.0562585像素
第12幅图像的平均误差：0.059784像素
第13幅图像的平均误差：0.0572981像素
第14幅图像的平均误差：0.0700673像素
总体平均误差：0.0635217像素

相机内参数矩阵：
[530.1397548683084, 0, 338.2680507680664;
 0, 530.2291152852337, 232.4902023212199;
 0, 0, 1]

畸变系数：
[-0.266294943795012, -0.0450330886310585, 0.0003024821418382528, -0.001243865371699451, 0.2973605735168139]


第1幅图像的旋转向量：
[-28.75414546567255;
 -42.48972213652809;
 158.579994567643]
第1幅图像的旋转矩阵：
[-0.9267663316423981, 0.2467108492448227, -0.2832629933453911;
 -0.07203356465691217, -0.8568117014239652, -0.5105730837654766;
 -0.3686669663760386, -0.4527775007306218, 0.8118356993476086]
第1幅图像的平移向量：
[-1.984483413122667;
 -2.009262714512172;
 0.1172072592235524]

第2幅图像的旋转向量：
[-22.10486661558986;
 33.88734356314797;
 140.5465081937785]
第2幅图像的旋转矩阵：
[-0.1426342092615962, -0.9880441276034877, 0.05851738422539263;
 0.9061445630274219, -0.1065688400754878, 0.4093227494542757;
 -0.398192809131659, 0.1114086362596192, 0.9105111764951651]
第2幅图像的平移向量：
[-2.430259926588318;
 -0.2010735854365943;
 0.2114859380982808]

第3幅图像的旋转向量：
[-14.84816405430727;
 -39.30720646812195;
 126.3068224238695]
第3幅图像的旋转矩阵：
[0.4017284675780644, -0.8520866434034486, -0.3355034880158839;
 0.8919958594784727, 0.4470160613092669, -0.06723115055397039;
 0.2072622131760657, -0.2722590550651973, 0.9396368351253399]
第3幅图像的平移向量：
[1.727358326509421;
 2.495667828235823;
 -0.5161946693670951]

第4幅图像的旋转向量：
[-38.29249484979108;
 -26.0480697284033;
 131.312914122919]
第4幅图像的旋转矩阵：
[0.5669864725105391, -0.7746976716661557, -0.2799461689416248;
 0.8228973668409457, 0.54795167089923, 0.1502960079475828;
 0.03696300361569099, -0.3155827686578895, 0.9481778591013013]
第4幅图像的平移向量：
[-2.143038131969297;
 -2.13683851083307;
 0.3858980381712266]

第5幅图像的旋转向量：
[24.43941324773391;
 -45.33338104122453;
 125.7641990661059]
第5幅图像的旋转矩阵：
[-0.6332182017324834, 0.5705074016234918, 0.5230258250674547;
 -0.7730032069898903, -0.4999936746937681, -0.3904771020809888;
 0.03873952733352065, -0.651557848513111, 0.7576091466336324]
第5幅图像的平移向量：
[-0.3388221940397391;
 -2.940614922364424;
 0.7216134219162693]

第6幅图像的旋转向量：
[68.1086500596859;
 -25.26020381832594;
 132.5977289320671]
第6幅图像的旋转矩阵：
[0.9384502694139145, -0.3437497594692321, -0.03387026279491243;
 0.3321261426117272, 0.9249354802910901, -0.1848961402856893;
 0.09488581153579284, 0.1622666329333783, 0.9821742323058869]
第6幅图像的平移向量：
[0.1445646101633159;
 -2.68653298725517;
 -0.08466869895400453]

第7幅图像的旋转向量：
[9.16236687707352;
 -27.69146522846188;
 154.3149171634962]
第7幅图像的旋转矩阵：
[0.9994796807706731, 0.03174223651212418, 0.005726966715635486;
 -0.0317529782161391, 0.9994941360507753, 0.001794540197318061;
 -0.005667106930261854, -0.001975454712911715, 0.9999819905766895]
第7幅图像的平移向量：
[0.4438721070285728;
 -2.777159756898926;
 0.1537718516500196]

第8幅图像的旋转向量：
[32.65171607312519;
 -34.35972758033058;
 125.3450400218189]
第8幅图像的旋转矩阵：
[-0.3834545568126185, -0.9171068959148269, 0.1089841471275043;
 0.7333387146157148, -0.3740805694255774, -0.5676953912301977;
 0.5614062098920976, -0.1377630902807677, 0.8159928911766841]
第8幅图像的平移向量：
[0.3031067133708218;
 -2.832090733905354;
 0.5171300429720247]

第9幅图像的旋转向量：
[-25.60779633014823;
 -31.65985009939117;
 110.4072171259768]
第9幅图像的旋转矩阵：
[-0.0787837342654665, 0.9962604964168231, 0.03547036078888208;
 -0.8636641609804465, -0.05044159827692735, -0.5015374983001875;
 -0.4978728153385458, -0.07014747638065236, 0.8644084632303735]
第9幅图像的平移向量：
[1.919981299791214;
 2.199563641631905;
 0.6407080903605953]

第10幅图像的旋转向量：
[-20.15709103514287;
 -23.09744771826825;
 90.97762404847737]
第10幅图像的旋转矩阵：
[-0.1319586982564013, -0.8716205144210564, -0.4720853532941361;
 0.9912548401696569, -0.1156181861866527, -0.06361035185515551;
 0.0008624353333418766, -0.4763508306524529, 0.8792548790549952]
第10幅图像的平移向量：
[2.186587731518649;
 1.979497361753056;
 0.7997089792232123]

第11幅图像的旋转向量：
[19.91476952221706;
 -43.49757021419811;
 133.971039848344]
第11幅图像的旋转矩阵：
[-0.6015041288959297, 0.6587416050158089, 0.4519427848105829;
 -0.7985877775781897, -0.4807924014476717, -0.3620721312292744;
 -0.02122132003143826, -0.5787038660069389, 0.8152616089604285]
第11幅图像的平移向量：
[0.2396829557100237;
 2.53620832630076;
 0.05994633187589337]

第12幅图像的旋转向量：
[21.39279998122405;
 -40.21786659075092;
 127.6164853939465]
第12幅图像的旋转矩阵：
[-0.8675242442888023, 0.2896647246456479, 0.4043464268014539;
 -0.4691572295866268, -0.7465418731243622, -0.4717697802939161;
 0.1652064753505252, -0.5989737715191957, 0.7835414740358846]
第12幅图像的平移向量：
[-0.02759729872413649;
 -3.010932654448553;
 0.5769714406822096]

第13幅图像的旋转向量：
[14.43329176342229;
 -35.77440256829193;
 114.9584629285768]
第13幅图像的旋转矩阵：
[-0.2837371934225997, -0.9494524431908103, -0.134287986013891;
 0.8579952206448259, -0.1888434606447713, -0.477684360977354;
 0.4281791756021099, -0.2507552701155201, 0.8682075720068267]
第13幅图像的平移向量：
[-0.4443255462036901;
 -2.889746767775888;
 -0.7321620222930489]

第14幅图像的旋转向量：
[19.04377843161273;
 -42.4354773766722;
 123.7510874594835]
第14幅图像的旋转矩阵：
[0.9679343462147991, -0.2390939351021544, -0.07705317394563306;
 0.2360658168516923, 0.9706286774797015, -0.04639935956614769;
 0.08588382578735328, 0.02672191331795311, 0.9959467394478257]
第14幅图像的平移向量：
[0.2692705097747887;
 2.706724433535559;
 0.2592432024092901]


